4.247520000000000095e+01
7.319049493089656266e+01
6.391133652432682766e+01
5.585074168631818736e+01
4.933851394026762449e+01
4.367973708585471115e+01
3.869876587490352904e+01
2.822058696113768406e+01
1.540433919999920853e+01
1.568750720000032395e+01
1.577245760000000452e+01
1.404513279999847697e+01
1.401681599999950478e+01
1.325226239999963163e+01
1.325226239999963163e+01
1.296909440000196589e+01
1.523443839999985094e+01
2.160571839999925103e+01
2.944947200000079235e+01
3.830394220848518927e+01
3.990702677852966929e+01
3.958835393426566895e+01
3.834192413294754687e+01
3.659187627573403745e+01
2.986524147003716578e+01
2.477719999999946054e+01
2.304987520000241830e+01
2.310650879999933238e+01
2.268175679999886540e+01
2.140750080000126232e+01
2.016156159999883712e+01
1.837760319999971159e+01
1.100000000000000000e+01
1.100000000000000000e+01
1.100000000000000000e+01
1.100000000000000000e+01
1.100000000000000000e+01
1.100000000000000000e+01
1.100000000000000000e+01
1.100000000000000000e+01
1.100000000000000000e+01
1.100000000000000000e+01
1.100000000000000000e+01
1.100000000000000000e+01
1.100000000000000000e+01
1.100000000000000000e+01
1.100000000000000000e+01
1.100000000000000000e+01
1.100000000000000000e+01
1.100000000000000000e+01
1.100000000000000000e+01
1.100000000000000000e+01
1.100000000000000000e+01
1.100000000000000000e+01
1.100000000000000000e+01
1.100000000000000000e+01
1.100000000000000000e+01
1.100000000000000000e+01
1.100000000000000000e+01
1.100000000000000000e+01
1.100000000000000000e+01
1.100000000000000000e+01
1.100000000000000000e+01
1.100000000000000000e+01
1.100000000000000000e+01
1.100000000000000000e+01
1.100000000000000000e+01
1.100000000000000000e+01
1.100000000000000000e+01
1.100000000000000000e+01
1.100000000000000000e+01
1.100000000000000000e+01
1.100000000000000000e+01
1.100000000000000000e+01
1.100000000000000000e+01
1.100000000000000000e+01
1.100000000000000000e+01
1.100000000000000000e+01
1.100000000000000000e+01
1.100000000000000000e+01
1.100000000000000000e+01
1.100000000000000000e+01
1.100000000000000000e+01
1.100000000000000000e+01
1.100000000000000000e+01
1.100000000000000000e+01
1.100000000000000000e+01
1.100000000000000000e+01
1.100000000000000000e+01
1.100000000000000000e+01
1.100000000000000000e+01
1.100000000000000000e+01
1.100000000000000000e+01
1.100000000000000000e+01
1.100000000000000000e+01
1.100000000000000000e+01
1.100000000000000000e+01
1.100000000000000000e+01
1.100000000000000000e+01
1.100000000000000000e+01
1.100000000000000000e+01
1.100000000000000000e+01
1.100000000000000000e+01
1.100000000000000000e+01
1.100000000000000000e+01
1.100000000000000000e+01
1.100000000000000000e+01
1.100000000000000000e+01
1.100000000000000000e+01
1.100000000000000000e+01
1.100000000000000000e+01
1.100000000000000000e+01
1.100000000000000000e+01
1.100000000000000000e+01
1.100000000000000000e+01
1.100000000000000000e+01
1.100000000000000000e+01
1.100000000000000000e+01
1.100000000000000000e+01
1.100000000000000000e+01
1.100000000000000000e+01
1.100000000000000000e+01
1.100000000000000000e+01
1.100000000000000000e+01
1.100000000000000000e+01
1.100000000000000000e+01
1.100000000000000000e+01
1.100000000000000000e+01
1.100000000000000000e+01
1.100000000000000000e+01
1.100000000000000000e+01
1.100000000000000000e+01
1.100000000000000000e+01
1.100000000000000000e+01
1.100000000000000000e+01
1.100000000000000000e+01
1.100000000000000000e+01
1.100000000000000000e+01
1.100000000000000000e+01
1.100000000000000000e+01
1.100000000000000000e+01
1.100000000000000000e+01
1.100000000000000000e+01
1.100000000000000000e+01
1.100000000000000000e+01
1.100000000000000000e+01
1.100000000000000000e+01
1.100000000000000000e+01
1.100000000000000000e+01
1.100000000000000000e+01
1.100000000000000000e+01
1.100000000000000000e+01
1.100000000000000000e+01
1.100000000000000000e+01
1.100000000000000000e+01
1.100000000000000000e+01
1.100000000000000000e+01
1.100000000000000000e+01
1.100000000000000000e+01
1.100000000000000000e+01
1.100000000000000000e+01
1.100000000000000000e+01
1.100000000000000000e+01
1.100000000000000000e+01
1.100000000000000000e+01
1.100000000000000000e+01
1.100000000000000000e+01
1.100000000000000000e+01
1.100000000000000000e+01
1.100000000000000000e+01
1.100000000000000000e+01
1.100000000000000000e+01
1.100000000000000000e+01
1.100000000000000000e+01
1.100000000000000000e+01
1.100000000000000000e+01
1.100000000000000000e+01
1.100000000000000000e+01
1.100000000000000000e+01
1.100000000000000000e+01
1.100000000000000000e+01
1.100000000000000000e+01
1.100000000000000000e+01
1.100000000000000000e+01
1.100000000000000000e+01
1.100000000000000000e+01
1.100000000000000000e+01
1.100000000000000000e+01
1.100000000000000000e+01
1.100000000000000000e+01
1.100000000000000000e+01
1.100000000000000000e+01
1.100000000000000000e+01
1.100000000000000000e+01
1.100000000000000000e+01
1.100000000000000000e+01
1.100000000000000000e+01
1.100000000000000000e+01
1.100000000000000000e+01
1.100000000000000000e+01
1.100000000000000000e+01
1.100000000000000000e+01
1.100000000000000000e+01
1.100000000000000000e+01
1.100000000000000000e+01
1.100000000000000000e+01
1.100000000000000000e+01
1.100000000000000000e+01
1.100000000000000000e+01
1.100000000000000000e+01
1.100000000000000000e+01
1.100000000000000000e+01
1.100000000000000000e+01
1.100000000000000000e+01
1.100000000000000000e+01
1.100000000000000000e+01
1.100000000000000000e+01
1.100000000000000000e+01
1.100000000000000000e+01
1.100000000000000000e+01
1.100000000000000000e+01
1.100000000000000000e+01
1.100000000000000000e+01
1.100000000000000000e+01
1.100000000000000000e+01
1.100000000000000000e+01
1.100000000000000000e+01
1.100000000000000000e+01
1.100000000000000000e+01
1.100000000000000000e+01
1.100000000000000000e+01
1.100000000000000000e+01
1.100000000000000000e+01
1.100000000000000000e+01
1.100000000000000000e+01
1.100000000000000000e+01
1.100000000000000000e+01
1.100000000000000000e+01
1.100000000000000000e+01
1.100000000000000000e+01
1.100000000000000000e+01
1.100000000000000000e+01
1.100000000000000000e+01
1.100000000000000000e+01
1.100000000000000000e+01
1.100000000000000000e+01
1.100000000000000000e+01
1.100000000000000000e+01
1.100000000000000000e+01
1.131947584515851446e+01
4.455407331569120544e+01
4.415763811569453878e+01
3.928567436420117076e+01
3.968761553456730695e+01
3.969312729197589107e+01
3.999360015123668433e+01
3.133994577407147020e+01
3.374786517531231311e+01
3.840746587715835858e+01
3.832251547716074924e+01
2.656680150405538399e+01
2.622699990405252635e+01
2.588720326437442409e+01
2.517928381551885053e+01
2.463541697248747653e+01
2.449945026172807871e+01
2.497533374938630857e+01
3.833942493333308477e+01
3.639656995802013739e+01
3.735935080309018730e+01
3.733102628703263548e+01
3.633993635802702471e+01
3.667974181605089257e+01
3.678160745925718089e+01
3.574489008395208600e+01
4.812109074638259898e+01
4.181733339418001805e+01
4.254828851499146225e+01
4.121706165150704493e+01
3.954064845713958931e+01
4.118301679453018949e+01
3.999370843880085147e+01
3.605637488395182544e+01
3.329174924907309219e+01
2.887580119675715196e+01
3.297190760725419523e+01
3.521237685432036812e+01
3.507079285432688209e+01
3.530283322468606855e+01
3.707577968395142420e+01
3.625419900987504462e+01
3.481004220987773579e+01
3.492330940987363164e+01
3.492330940988122023e+01
3.461182460987733123e+01
3.475340860987289204e+01
3.364865993580056625e+01
3.409071679506313046e+01
3.392632196543255674e+01
3.460592516543343322e+01
3.550655679506559892e+01
3.469638153579982998e+01
3.699004233580082968e+01
3.636707273580272215e+01
3.520608393580342010e+01
3.347875527777950566e+01
4.037777492803832047e+01
4.030395660599486973e+01
4.586517156331972700e+01
4.429425353862414028e+01
6.216395307725019137e+01
9.206690542148291456e+01
8.307405748133582790e+01
5.027022227469142024e+01
4.373454744506420155e+01
4.119154720246999091e+01
4.455023446172475587e+01
4.690051921666944423e+01
7.590794207345555833e+01
7.456564320061804096e+01
5.918962080062125608e+01
7.368105349495158407e+01
7.391461153099304227e+01
7.880695753733118636e+01
6.885642791943520535e+01
6.912105559470960259e+01
6.116165906931377094e+01
6.205128261622489561e+01
7.935321683271443760e+01
7.693998819815132606e+01
8.624482155740329858e+01
8.811077536125492315e+01
8.341420729003445445e+01
7.811271018484291062e+01
7.428296482139576540e+01
4.938655232668638462e+01
5.839708853579236347e+01
6.362999281921329953e+01
6.078304539921428784e+01
5.828492856124714194e+01
5.365810937564785377e+01
4.922668785550987991e+01
4.536103565408625116e+01
4.231272881968497757e+01
3.961418062702682619e+01
3.750316142494109783e+01
3.645575296303907464e+01
3.460097495631107734e+01
2.803363200000004340e+01
2.474888320000117758e+01
2.228532159999944184e+01
1.951027520000037896e+01
1.789621759999750239e+01
1.718829760000144091e+01
2.763719679999993062e+01
3.843511552909795626e+01
4.176185934500800556e+01
5.375753212863862984e+01
6.374696541839581698e+01
6.545315187073948948e+01
6.498796852000509716e+01
6.376770809507163307e+01
7.297143578643576234e+01
9.805086362482398954e+01
1.076812251344788649e+02
nan
nan
