2.108264028000000119e+08
2.062422563886905611e+08
2.023497335453087091e+08
1.991169475231308043e+08
1.964150125484516919e+08
1.941285987483938336e+08
1.921477657134421766e+08
1.910404419068798721e+08
1.910649076220799387e+08
1.910722473366399109e+08
1.909230064739198983e+08
1.909205599024000168e+08
1.908545024713600576e+08
1.908545024713600874e+08
1.908300367561601102e+08
1.910257624777599275e+08
1.915762410697599351e+08
1.922539413808000088e+08
1.939518620156799257e+08
1.946694581307868063e+08
1.945268091406418383e+08
1.939688640391212702e+08
1.931540713159545958e+08
1.922898638630111814e+08
1.918502570799999833e+08
1.917010162172800303e+08
1.917059093603198230e+08
1.916692107875198722e+08
1.915591150691199601e+08
1.914514659222398400e+08
1.912973319164799452e+08
1.912410607715199590e+08
1.917414776828799546e+08
1.921807303062399626e+08
1.925759446422399580e+08
1.929882849788799584e+08
1.933663733142399490e+08
1.937958396515199542e+08
1.941347828425599635e+08
1.944199014601599574e+08
1.946756612195199430e+08
1.949142949782399535e+08
1.950966575919999480e+08
1.953255050646399558e+08
1.957672042595199645e+08
1.960792351638399661e+08
1.963765866390399635e+08
1.965907546825599670e+08
1.967804570108799636e+08
1.969505867670399547e+08
1.971916670972799659e+08
1.975746485756799579e+08
1.979527369110399485e+08
1.982500883862399459e+08
1.984789358588799536e+08
1.987249093321599662e+08
1.988534473724799752e+08
1.989991114134399891e+08
1.991227563107199967e+08
1.992586340656000078e+08
1.993602598192000091e+08
1.994741184304000139e+08
1.994950073238400221e+08
1.995477016470400095e+08
1.995710371120000184e+08
1.996017122915200293e+08
1.995932423267200291e+08
1.995749860758400261e+08
1.995273709667200148e+08
1.995458132886400223e+08
1.995348967523200214e+08
1.995435527881600261e+08
1.995179568227200210e+08
1.994801279996800125e+08
1.994398526051200032e+08
1.993922374959999919e+08
1.993690881020799875e+08
1.993924235670399964e+08
1.994818164630399942e+08
1.996910913635199964e+08
1.999028128355199993e+08
2.001463397372800112e+08
2.006149512188799977e+08
2.010517572707200050e+08
2.014053798908800185e+08
2.023584125334400237e+08
2.084786042262400091e+08
2.156459285296000242e+08
2.229404745520000160e+08
2.276220821910400093e+08
2.308088346313599944e+08
2.339760144995200038e+08
2.369303426454400122e+08
2.397917010736000240e+08
2.425576432124800384e+08
2.451572184880000353e+08
2.475488351843200326e+08
2.504762510435200334e+08
2.535529077654400468e+08
2.564460716233600378e+08
2.589575703241600394e+08
2.619192381846400499e+08
2.648099554710400403e+08
2.672333775971200466e+08
2.692359894217600226e+08
2.709963906659200191e+08
2.730283613488000035e+08
2.767362335228800178e+08
2.800012762518399954e+08
2.827745581052799821e+08
2.852371253756799698e+08
2.875504517833599448e+08
2.897120907567999363e+08
2.920278637359999418e+08
2.943265107145599127e+08
2.965591002620798945e+08
2.986277695177599192e+08
3.007062250595199466e+08
3.030464637539199591e+08
3.050857741513599753e+08
3.069342519702399969e+08
3.088292146480000019e+08
3.107290704688000083e+08
3.125212771427199841e+08
3.148248172643199563e+08
3.173999268246399760e+08
3.208900541334399581e+08
3.245538880201599598e+08
3.288538305020799637e+08
3.340198593020799756e+08
3.399051801289599538e+08
3.453550112252799273e+08
3.497503699964799285e+08
3.533652724527999163e+08
3.564199100310398936e+08
3.594084901782398820e+08
3.628154340553599000e+08
3.663716187951998711e+08
3.716306173129598498e+08
3.774474341372798681e+08
3.822220114940798879e+08
3.862308119651198983e+08
3.895668052681599259e+08
3.922666899759999514e+08
3.945237452387199402e+08
3.964627462038399577e+08
3.981154983011199832e+08
3.996141163926399946e+08
4.010882687689599991e+08
4.027410208662400246e+08
4.040781652374400496e+08
4.052954276041600704e+08
4.066129994032000899e+08
4.078767466288000941e+08
4.089447681328001022e+08
4.098488693449600935e+08
4.109315702780801058e+08
4.122736077923201323e+08
4.137722258838401437e+08
4.152683974038401246e+08
4.165199117718400955e+08
4.176319715632001162e+08
4.187831764988800883e+08
4.199001294332801104e+08
4.208066772169601321e+08
4.217132250006401539e+08
4.224876579222401381e+08
4.234015454204801321e+08
4.243814903497601151e+08
4.252611258467200994e+08
4.260428984828801155e+08
4.266876631139200926e+08
4.272859428860800862e+08
4.277839132259200811e+08
4.282965629948800802e+08
4.286330596144000888e+08
4.289646630908800960e+08
4.292815871382400990e+08
4.295887248995200992e+08
4.299594735203201175e+08
4.302054469936001301e+08
4.304171684656001329e+08
4.305897447932801247e+08
4.307109431190401316e+08
4.308003360150401592e+08
4.309044083401601315e+08
4.309742286640001535e+08
4.310489421308801770e+08
4.311261021692801714e+08
4.312424073520001769e+08
4.313048879612801671e+08
4.313649219990401864e+08
4.313907040355201960e+08
4.313993600713601708e+08
4.313248326755201817e+08
4.313873132848001719e+08
4.313910761776001453e+08
4.312822967804801464e+08
4.312077693846401572e+08
4.310989899875201583e+08
4.309657448752001524e+08
4.308153737622401714e+08
4.306723423638401628e+08
4.304926123926401734e+08
4.303471344227201939e+08
4.301747441660801768e+08
4.300048004809601903e+08
4.298495362249602079e+08
4.296233213948802352e+08
4.294093394224002361e+08
4.291978040214402080e+08
4.289936083350402117e+08
4.287576072188802361e+08
4.285216061027202606e+08
4.282758187004802823e+08
4.280569435849602818e+08
4.278380684694402814e+08
4.275873879241603017e+08
4.273367073788803220e+08
4.270909199766403437e+08
4.268500257174403667e+08
4.266189177443203926e+08
4.263608974844803810e+08
4.261028772246403694e+08
4.258840021091203690e+08
4.256651269936003685e+08
4.254193395913603902e+08
4.251441933308804035e+08
4.248201156400004029e+08
4.245792213808004260e+08
4.243627928368003964e+08
4.241537040073603988e+08
4.239152563196803927e+08
4.236474497737603784e+08
4.234212349436804056e+08
4.231583215408003926e+08
4.229369998537604213e+08
4.226838727369604111e+08
4.223867073328003883e+08
4.221360267875204086e+08
4.218828996707203984e+08
4.216444519830403924e+08
4.214598288688004017e+08
4.212776523260803819e+08
4.211395140707203746e+08
4.209695703856003881e+08
4.208216458441603780e+08
4.206761678742403984e+08
4.205086707606403828e+08
4.203258037916187048e+08
4.172372155998629928e+08
4.141437342650669813e+08
4.115470343155199885e+08
4.089571983646933436e+08
4.063106150530666113e+08
4.036356243148797750e+08
4.016593778844799995e+08
3.994922132184529901e+08
3.969151193372265100e+08
3.944309951737598181e+08
3.929332058393294215e+08
3.914354165048992634e+08
3.899058213121373057e+08
3.884373903597564697e+08
3.870159495026135445e+08
3.856062561692802310e+08
3.842117176475732327e+08
3.815768916443732381e+08
3.791931117427203059e+08
3.767237010045332909e+08
3.741711075013336539e+08
3.717335030262401104e+08
3.692958982178133130e+08
3.668421525032535195e+08
3.650920686214400530e+08
3.618396378433526158e+08
3.590951531276954412e+08
3.562606016028801799e+08
3.534138463600299954e+08
3.508538343653331399e+08
3.480491657424457073e+08
3.453448067899733186e+08
3.429781868851198554e+08
3.408235183483999372e+08
3.390136891506001353e+08
3.368842083602133989e+08
3.345489181692801118e+08
3.322870251239462495e+08
3.300760343646933436e+08
3.277436664611199498e+08
3.253575079802667499e+08
3.231059109330133200e+08
3.208445275996802449e+08
3.185562319796265364e+08
3.163070815038931370e+08
3.140530378851200938e+08
3.118504062644269466e+08
3.096364932178134918e+08
3.074955016009601355e+08
3.053324908404266834e+08
3.031038983646930456e+08
3.011434773244799376e+08
2.989310594177067280e+08
2.966721566520533562e+08
2.943643224559999704e+08
2.925286768966398239e+08
2.901434408983772993e+08
2.882979353944993615e+08
2.864000909343085289e+08
2.857120186887314320e+08
2.871498616830170155e+08
2.826963248997209072e+08
2.778062707045335174e+08
2.752269015659201741e+08
2.730336150116266012e+08
2.712680022574931979e+08
2.694152643603201509e+08
2.699479345284799337e+08
2.678789470725333691e+08
2.645974459038399756e+08
2.618688698986662924e+08
2.575432675243824720e+08
2.529772942989846766e+08
2.478173623722392619e+08
2.434877973462400734e+08
2.390644179150171578e+08
2.352822454847084582e+08
2.313498124343466163e+08
2.258784539803200960e+08
2.214400930825598240e+08
2.166699828859201670e+08
2.111955154031877518e+08
2.061170451157287657e+08
2.027003373659983277e+08
1.991398847407897413e+08
2.035655552303240299e+08
2.060995253497915566e+08
2.047047944092515409e+08
2.035120014384394288e+08
2.012872942872276902e+08
1.990635531558917165e+08
1.972177937008556724e+08
1.957622977409826219e+08
1.945383700618418455e+08
1.935891886623867154e+08
1.930890756176718175e+08
1.926990312362252474e+08
1.921316128047999740e+08
1.918478105084799826e+08
1.916349587862398922e+08
1.913951947772799432e+08
1.912557402006399035e+08
1.911945759126401246e+08
1.920973608035199940e+08
1.940105797321600020e+08
1.954997453587659299e+08
2.013377333500772417e+08
2.061588677850428522e+08
2.070244487824934423e+08
2.067884523776615560e+08
2.061693909413731098e+08
2.107152699091589153e+08
2.233151959922508597e+08
2.283242104502660632e+08
2.607957613026470840e+08
nan
nan
